<!DOCTYPE html>
<html lang="en">
<head>
<meta charset="UTF-8" />
<meta name="viewport" content="width=device-width, initial-scale=1.0, maximum-scale=1, user-scalable=no" />
<title>Dice Tray</title>
<style>
  @import url('https://fonts.googleapis.com/css2?family=Fraunces:opsz,wght@9..144,400;9..144,600;9..144,700&family=JetBrains+Mono:wght@400;500;700&display=swap');

  :root {
    --felt-1: #1f4d3a;
    --felt-2: #16382b;
    --chalk: #f4ead2;
    --chalk-dim: #cfc6ab;
    --brass: #c9a24b;
    --brass-dim: #8d7438;
    --ink: #0f2a20;
    --ember: #d8654a;
  }

  * { box-sizing: border-box; }

  html, body {
    margin: 0;
    min-height: 100vh;
    background:
      radial-gradient(ellipse at 50% -10%, rgba(255,255,255,0.05), transparent 60%),
      repeating-linear-gradient(45deg, rgba(0,0,0,0.025) 0px, rgba(0,0,0,0.025) 2px, transparent 2px, transparent 4px),
      linear-gradient(160deg, var(--felt-1), var(--felt-2));
    color: var(--chalk);
    font-family: 'Fraunces', serif;
    overflow-x: hidden;
  }

  .tray-root {
    width: 100%;
    max-width: 760px;
    margin: 0 auto;
    padding: 28px 16px 48px;
    display: flex;
    flex-direction: column;
    align-items: center;
  }

  .tray-header {
    width: 100%;
    display: flex;
    justify-content: space-between;
    align-items: baseline;
    border-bottom: 1px solid rgba(244,234,210,0.18);
    padding-bottom: 14px;
    margin-bottom: 20px;
  }

  .tray-title { font-size: 28px; font-weight: 700; margin: 0; color: var(--chalk); }
  .tray-title .accent { color: var(--brass); font-style: italic; font-weight: 600; }

  .tray-sub {
    font-family: 'JetBrains Mono', monospace;
    font-size: 11px;
    letter-spacing: 0.08em;
    text-transform: uppercase;
    color: var(--chalk-dim);
  }

  .picker { width: 100%; display: flex; flex-wrap: wrap; gap: 8px; margin-bottom: 22px; }

  .picker-btn {
    font-family: 'JetBrains Mono', monospace;
    font-size: 13px;
    font-weight: 500;
    background: rgba(244,234,210,0.06);
    border: 1px solid rgba(244,234,210,0.22);
    color: var(--chalk);
    padding: 8px 14px 8px 10px;
    border-radius: 6px;
    cursor: pointer;
    display: inline-flex;
    align-items: center;
    gap: 7px;
    transition: background 0.15s, border-color 0.15s, transform 0.1s;
  }
  .picker-icon {
    width: 20px;
    height: 20px;
    flex: none;
    overflow: visible;
  }
  .picker-icon path {
    fill: var(--chalk);
    fill-opacity: 0.85;
    stroke: var(--felt-2);
    stroke-width: 1.4;
    stroke-linejoin: round;
    vector-effect: non-scaling-stroke;
  }
  .picker-btn:disabled .picker-icon path { fill-opacity: 0.5; }
  .picker-btn:hover:not(:disabled) { background: rgba(244,234,210,0.14); border-color: var(--brass); }
  .picker-btn:active:not(:disabled) { transform: scale(0.96); }
  .picker-btn:disabled { opacity: 0.35; cursor: not-allowed; }
  .picker-btn:focus-visible { outline: 2px solid var(--brass); outline-offset: 2px; }

  .picker-clear {
    font-family: 'JetBrains Mono', monospace;
    font-size: 12px;
    background: none;
    border: 1px solid rgba(216,101,74,0.5);
    color: var(--ember);
    padding: 9px 14px;
    border-radius: 6px;
    cursor: pointer;
  }
  .modifier-row .picker-clear { margin-left: auto; }
  .picker-clear:hover:not(:disabled) { background: rgba(216,101,74,0.12); }
  .picker-clear:disabled { opacity: 0.35; cursor: not-allowed; }
  .picker-clear:focus-visible { outline: 2px solid var(--ember); outline-offset: 2px; }

  .tray-surface {
    width: 100%;
    background: rgba(0,0,0,0.16);
    border: 1px solid rgba(244,234,210,0.1);
    border-radius: 14px;
    padding: 18px 14px;
    min-height: 240px;
    box-shadow: inset 0 2px 18px rgba(0,0,0,0.35);
  }

  .tray-empty {
    position: absolute;
    inset: 0;
    display: flex;
    align-items: center;
    justify-content: center;
    font-family: 'JetBrains Mono', monospace;
    font-size: 13px;
    color: var(--chalk-dim);
    text-align: center;
    padding: 60px 10px;
  }

  .dice-field {
    position: relative;
    width: 100%;
    min-height: 120px;
  }

  /* All dice are now drawn into a single shared <canvas> rather than one
     absolutely-positioned div per face. With up to 20 dice on the felt
     (some types having 20 faces each), the old approach could mean 300+
     individually 3D-transformed, backface-culled DOM layers animating
     every frame — past a certain dice count that's more simultaneous
     compositor layers than mobile GPUs reliably keep up with, which is
     what caused faces to flicker invisible specifically under heavy load.
     A canvas is one element regardless of dice count: we do our own
     rotation, projection, backface-culling and depth-sorting in JS and
     paint with 2D context calls, so cost scales with face count as plain
     CPU work, not GPU layer count.
     touch-action is pan-y (not none): there is no drag/tap gesture on
     this canvas at all (clicks/taps are handled separately, below, via a
     plain click listener — that doesn't need touch-action: none, since a
     tap with no drag is unaffected by touch-action and still fires a
     normal click event), so the browser is free to scroll the page
     vertically when a touch starts here. */
  #dice-canvas {
    display: block;
    width: 100%;
    touch-action: pan-y;
    cursor: pointer;
    -webkit-tap-highlight-color: transparent;
  }

  .group-list {
    display: flex;
    flex-wrap: wrap;
    gap: 8px;
    margin-top: 16px;
    padding-top: 14px;
    border-top: 1px solid rgba(244,234,210,0.1);
  }
  .group-chip {
    font-family: 'JetBrains Mono', monospace;
    font-size: 12px;
    color: var(--chalk-dim);
    background: rgba(244,234,210,0.06);
    border: 1px solid rgba(244,234,210,0.16);
    border-radius: 6px;
    padding: 5px 10px;
    display: flex;
    align-items: center;
    gap: 8px;
  }
  .group-chip .tag { color: var(--brass); font-weight: 700; }
  .group-chip button {
    width: 18px; height: 18px;
    border-radius: 4px;
    border: 1px solid rgba(244,234,210,0.25);
    background: rgba(244,234,210,0.05);
    color: var(--chalk);
    font-family: 'JetBrains Mono', monospace;
    font-size: 12px;
    line-height: 1;
    cursor: pointer;
    display: flex; align-items: center; justify-content: center;
    padding: 0;
  }
  .group-chip button:hover { background: rgba(244,234,210,0.15); }

  .roll-row {
    width: 100%;
    display: flex;
    align-items: center;
    justify-content: center;
    gap: 16px;
    margin-top: 22px;
    flex-wrap: wrap;
  }

  .adv-row {
    width: 100%;
    display: flex;
    align-items: center;
    justify-content: center;
    gap: 12px;
    margin-top: 12px;
    flex-wrap: wrap;
  }

  .roll-btn {
    font-family: 'Fraunces', serif;
    font-weight: 700;
    font-size: 18px;
    background: linear-gradient(180deg, var(--brass), var(--brass-dim));
    color: var(--ink);
    border: none;
    border-radius: 10px;
    padding: 14px 30px;
    cursor: pointer;
    box-shadow: 0 3px 0 rgba(0,0,0,0.3), 0 6px 14px rgba(0,0,0,0.25);
    transition: transform 0.1s, box-shadow 0.1s;
  }
  .roll-btn:hover:not(:disabled) { transform: translateY(-1px); }
  .roll-btn:active:not(:disabled) { transform: translateY(2px); box-shadow: 0 1px 0 rgba(0,0,0,0.3), 0 2px 6px rgba(0,0,0,0.25); }
  .roll-btn:disabled { opacity: 0.5; cursor: not-allowed; }
  .roll-btn:focus-visible { outline: 2px solid var(--chalk); outline-offset: 3px; }

  .adv-btn {
    font-family: 'JetBrains Mono', monospace;
    font-size: 13px;
    font-weight: 600;
    background: rgba(154,205,170,0.1);
    border: 1.5px solid rgba(154,205,170,0.75);
    color: var(--chalk);
    padding: 11px 18px;
    border-radius: 8px;
    cursor: pointer;
    transition: background 0.15s, border-color 0.15s, transform 0.1s;
  }
  .adv-btn:hover:not(:disabled) { background: rgba(154,205,170,0.2); border-color: rgba(154,205,170,1); }
  .adv-btn:active:not(:disabled) { transform: translateY(2px); }
  .adv-btn:disabled { opacity: 0.4; cursor: not-allowed; background: rgba(244,234,210,0.06); border-color: rgba(244,234,210,0.22); }
  .adv-btn.disadv { background: rgba(196,122,106,0.1); border-color: rgba(196,122,106,0.75); }
  .adv-btn.disadv:hover:not(:disabled) { background: rgba(196,122,106,0.2); border-color: rgba(196,122,106,1); }
  .adv-btn:focus-visible { outline: 2px solid var(--chalk); outline-offset: 3px; }

  .modifier-row {
    width: 100%;
    display: flex;
    align-items: center;
    gap: 12px;
    margin-bottom: 22px;
  }

  .modifier-box {
    display: flex;
    align-items: center;
    gap: 10px;
    background: rgba(244,234,210,0.06);
    border: 1px solid rgba(244,234,210,0.22);
    border-radius: 10px;
    padding: 8px 14px;
    cursor: text;
  }
  .modifier-label {
    font-family: 'JetBrains Mono', monospace;
    font-size: 11px;
    letter-spacing: 0.06em;
    text-transform: uppercase;
    color: var(--chalk-dim);
  }
  .modifier-sign-btn {
    font-family: 'JetBrains Mono', monospace;
    font-size: 12px;
    font-weight: 600;
    line-height: 1;
    background: rgba(244,234,210,0.08);
    border: 1px solid rgba(244,234,210,0.28);
    color: var(--chalk-dim);
    border-radius: 6px;
    padding: 5px 7px;
    cursor: pointer;
    transition: background 0.15s, border-color 0.15s, color 0.15s;
  }
  .modifier-sign-btn:hover { background: rgba(244,234,210,0.16); border-color: var(--brass); color: var(--chalk); }
  .modifier-sign-btn:active { transform: translateY(1px); }
  .modifier-sign-btn.is-negative { border-color: rgba(196,122,106,0.7); color: var(--chalk); }
  .modifier-sign-btn.is-positive { border-color: rgba(154,205,170,0.7); color: var(--chalk); }
  .modifier-sign-btn:disabled { opacity: 0.5; cursor: not-allowed; }

  .modifier-input {
    width: 4ch;
    font-family: 'JetBrains Mono', monospace;
    font-size: 16px;
    font-weight: 500;
    background: rgba(244,234,210,0.08);
    border: none;
    border-bottom: 1.5px solid rgba(244,234,210,0.35);
    border-radius: 4px 4px 0 0;
    color: var(--chalk);
    text-align: left;
    padding: 3px 2px 3px 6px;
  }
  .modifier-input:focus { outline: none; border-bottom-color: var(--brass); background: rgba(244,234,210,0.13); }
  .modifier-input::placeholder { color: var(--chalk-dim); opacity: 0.6; }
  .modifier-box:has(.modifier-input:focus) { border-color: var(--brass); }
  .modifier-box:has(.modifier-input:disabled) { opacity: 0.5; cursor: not-allowed; }

  .roll-total {
    width: 100%;
    text-align: center;
    padding-top: 16px;
    margin-top: 8px;
    border-top: 1px solid rgba(244,234,210,0.1);
    min-height: 64px;
  }
  .roll-total .total-number {
    font-family: 'Fraunces', serif;
    font-weight: 700;
    font-size: 44px;
    color: var(--chalk);
    line-height: 1;
    display: block;
  }
  .roll-total .total-number.is-placeholder {
    color: var(--chalk-dim);
    opacity: 0.3;
  }
  .roll-total .total-caption {
    font-family: 'JetBrains Mono', monospace;
    font-size: 12px;
    letter-spacing: 0.04em;
    color: var(--chalk-dim);
    display: block;
    margin-top: 4px;
  }

  .history { width: 100%; margin-top: 22px; font-family: 'JetBrains Mono', monospace; font-size: 11.5px; color: var(--chalk-dim); }
  .history-title { text-transform: uppercase; letter-spacing: 0.08em; font-size: 10px; color: var(--brass-dim); margin-bottom: 8px; }
  .history-row { display: flex; justify-content: space-between; gap: 12px; padding: 5px 0; border-bottom: 1px solid rgba(244,234,210,0.08); }
  .history-row .h-total { color: var(--chalk); flex-shrink: 0; }
  .history-row .h-summary { opacity: 0.8; overflow: hidden; text-overflow: ellipsis; white-space: nowrap; }

  @media (max-width: 480px) {
    .tray-title { font-size: 23px; }
  }
</style>
</head>
<body>
<div class="tray-root">
  <div class="tray-header">
    <h1 class="tray-title">Dice<span class="accent">Tray</span></h1>
    <span class="tray-sub" id="count-label">1 / 20 on the felt</span>
  </div>

  <div class="picker" id="picker"></div>

  <div class="modifier-row">
    <label class="modifier-box" for="modifier-input">
      <span class="modifier-label">modifier</span>
      <button type="button" class="modifier-sign-btn" id="modifier-sign-btn" aria-label="Toggle modifier between positive and negative" tabindex="-1">&minus;/+</button>
      <input type="text" id="modifier-input" class="modifier-input" inputmode="numeric" autocomplete="off" value="+" aria-label="Modifier added to the total after rolling">
    </label>
    <button class="picker-clear" id="clear-btn">clear tray</button>
  </div>

  <div class="tray-surface">
    <div class="dice-field" id="dice-field"><canvas id="dice-canvas"></canvas><div class="tray-empty" id="tray-empty" style="display:none;">Tap a die above to add it to the tray. Up to 20 at once.</div></div>
    <div class="group-list" id="group-list"></div>
    <div class="roll-total" id="roll-total"><span class="total-number is-placeholder">&mdash;</span><span class="total-caption">total appears here after rolling</span></div>
  </div>

  <div class="roll-row">
    <button class="roll-btn" id="roll-btn">Roll the tray</button>
  </div>
  <div class="adv-row">
    <button class="adv-btn" id="advantage-btn" title="Roll every die twice, keep the higher of each pair">Advantage</button>
    <button class="adv-btn disadv" id="disadvantage-btn" title="Roll every die twice, keep the lower of each pair">Disadvantage</button>
  </div>

  <div class="history" id="history" style="display:none;">
    <div class="history-title">Recent rolls</div>
    <div id="history-rows"></div>
  </div>
</div>

<script id="dice-geometry-data" type="application/json">{"2":{"vertices":[[0.92,0.0,0.16],[0.888652,0.238114,0.16],[0.796743,0.46,0.16],[0.650538,0.650538,0.16],[0.46,0.796743,0.16],[0.238114,0.888652,0.16],[0.0,0.92,0.16],[-0.238114,0.888652,0.16],[-0.46,0.796743,0.16],[-0.650538,0.650538,0.16],[-0.796743,0.46,0.16],[-0.888652,0.238114,0.16],[-0.92,0.0,0.16],[-0.888652,-0.238114,0.16],[-0.796743,-0.46,0.16],[-0.650538,-0.650538,0.16],[-0.46,-0.796743,0.16],[-0.238114,-0.888652,0.16],[-0.0,-0.92,0.16],[0.238114,-0.888652,0.16],[0.46,-0.796743,0.16],[0.650538,-0.650538,0.16],[0.796743,-0.46,0.16],[0.888652,-0.238114,0.16],[0.92,0.0,-0.16],[0.888652,0.238114,-0.16],[0.796743,0.46,-0.16],[0.650538,0.650538,-0.16],[0.46,0.796743,-0.16],[0.238114,0.888652,-0.16],[0.0,0.92,-0.16],[-0.238114,0.888652,-0.16],[-0.46,0.796743,-0.16],[-0.650538,0.650538,-0.16],[-0.796743,0.46,-0.16],[-0.888652,0.238114,-0.16],[-0.92,0.0,-0.16],[-0.888652,-0.238114,-0.16],[-0.796743,-0.46,-0.16],[-0.650538,-0.650538,-0.16],[-0.46,-0.796743,-0.16],[-0.238114,-0.888652,-0.16],[-0.0,-0.92,-0.16],[0.238114,-0.888652,-0.16],[0.46,-0.796743,-0.16],[0.650538,-0.650538,-0.16],[0.796743,-0.46,-0.16],[0.888652,-0.238114,-0.16]],"faces":[{"normal":[0,0,1],"centroid":[0,0,0.16],"vertexIndices":[0,1,2,3,4,5,6,7,8,9,10,11,12,13,14,15,16,17,18,19,20,21,22,23],"local2d":[[0.92,0.0],[0.888652,0.238114],[0.796743,0.46],[0.650538,0.650538],[0.46,0.796743],[0.238114,0.888652],[0.0,0.92],[-0.238114,0.888652],[-0.46,0.796743],[-0.650538,0.650538],[-0.796743,0.46],[-0.888652,0.238114],[-0.92,0.0],[-0.888652,-0.238114],[-0.796743,-0.46],[-0.650538,-0.650538],[-0.46,-0.796743],[-0.238114,-0.888652],[-0.0,-0.92],[0.238114,-0.888652],[0.46,-0.796743],[0.650538,-0.650538],[0.796743,-0.46],[0.888652,-0.238114]],"rotation":[[1,0,0],[0,1,0],[0,0,1]]},{"normal":[0,0,-1],"centroid":[0,0,-0.16],"vertexIndices":[47,46,45,44,43,42,41,40,39,38,37,36,35,34,33,32,31,30,29,28,27,26,25,24],"local2d":[[0.888652,0.238114],[0.796743,0.46],[0.650538,0.650538],[0.46,0.796743],[0.238114,0.888652],[-0.0,0.92],[-0.238114,0.888652],[-0.46,0.796743],[-0.650538,0.650538],[-0.796743,0.46],[-0.888652,0.238114],[-0.92,-0.0],[-0.888652,-0.238114],[-0.796743,-0.46],[-0.650538,-0.650538],[-0.46,-0.796743],[-0.238114,-0.888652],[0.0,-0.92],[0.238114,-0.888652],[0.46,-0.796743],[0.650538,-0.650538],[0.796743,-0.46],[0.888652,-0.238114],[0.92,0.0]],"rotation":[[1,0,0],[0,-1,0],[0,0,-1]]},{"normal":[0.991445,0.130526,-0.0],"centroid":[0.904326,0.119057,0.0],"vertexIndices":[0,1,25,24],"local2d":[[-0.120084,0.16],[0.120084,0.16],[0.120084,-0.16],[-0.120084,-0.16]],"rotation":[[-0.1305261922200513,0.0,0.9914448613738105],[0.9914448613738105,0.0,0.1305261922200513],[0.0,1.0,-0.0]]},{"normal":[0.92388,0.382683,-0.0],"centroid":[0.842698,0.349057,0.0],"vertexIndices":[1,2,26,25],"local2d":[[-0.120084,0.16],[0.120084,0.16],[0.120084,-0.16],[-0.120084,-0.16]],"rotation":[[-0.38268343236508995,0.0,0.9238795325112867],[0.9238795325112866,0.0,0.38268343236509],[0.0,1.0,-0.0]]},{"normal":[0.793353,0.608761,-0.0],"centroid":[0.723641,0.555269,0.0],"vertexIndices":[2,3,27,26],"local2d":[[-0.120084,0.16],[0.120084,0.16],[0.120084,-0.16],[-0.120084,-0.16]],"rotation":[[-0.6087614290087209,0.0,0.793353340291235],[0.793353340291235,0.0,0.6087614290087209],[0.0,1.0,-0.0]]},{"normal":[0.608761,0.793353,-0.0],"centroid":[0.555269,0.723641,0.0],"vertexIndices":[3,4,28,27],"local2d":[[-0.120084,0.16],[0.120084,0.16],[0.120084,-0.16],[-0.120084,-0.16]],"rotation":[[-0.7933533402912349,0.0,0.608761429008721],[0.608761429008721,0.0,0.7933533402912349],[0.0,1.0,-0.0]]},{"normal":[0.382683,0.92388,-0.0],"centroid":[0.349057,0.842698,0.0],"vertexIndices":[4,5,29,28],"local2d":[[-0.120084,0.16],[0.120084,0.16],[0.120084,-0.16],[-0.120084,-0.16]],"rotation":[[-0.9238795325112866,0.0,0.38268343236509017],[0.38268343236509017,0.0,0.9238795325112866],[0.0,1.0,-0.0]]},{"normal":[0.130526,0.991445,-0.0],"centroid":[0.119057,0.904326,0.0],"vertexIndices":[5,6,30,29],"local2d":[[-0.120084,0.16],[0.120084,0.16],[0.120084,-0.16],[-0.120084,-0.16]],"rotation":[[-0.9914448613738105,0.0,0.13052619222005132],[0.13052619222005132,0.0,0.9914448613738105],[0.0,1.0,-0.0]]},{"normal":[-0.130526,0.991445,0.0],"centroid":[-0.119057,0.904326,0.0],"vertexIndices":[6,7,31,30],"local2d":[[-0.120084,0.16],[0.120084,0.16],[0.120084,-0.16],[-0.120084,-0.16]],"rotation":[[-0.9914448613738105,0.0,-0.1305261922200513],[-0.1305261922200513,0.0,0.9914448613738105],[0.0,1.0,0.0]]},{"normal":[-0.382683,0.92388,0.0],"centroid":[-0.349057,0.842698,0.0],"vertexIndices":[7,8,32,31],"local2d":[[-0.120084,0.16],[0.120084,0.16],[0.120084,-0.16],[-0.120084,-0.16]],"rotation":[[-0.9238795325112866,0.0,-0.3826834323650901],[-0.3826834323650901,0.0,0.9238795325112866],[0.0,1.0,0.0]]},{"normal":[-0.608761,0.793353,0.0],"centroid":[-0.555269,0.723641,0.0],"vertexIndices":[8,9,33,32],"local2d":[[-0.120084,0.16],[0.120084,0.16],[0.120084,-0.16],[-0.120084,-0.16]],"rotation":[[-0.7933533402912353,0.0,-0.6087614290087204],[-0.6087614290087204,0.0,0.7933533402912353],[0.0,1.0,0.0]]},{"normal":[-0.793353,0.608761,0.0],"centroid":[-0.723641,0.555269,0.0],"vertexIndices":[9,10,34,33],"local2d":[[-0.120084,0.16],[0.120084,0.16],[0.120084,-0.16],[-0.120084,-0.16]],"rotation":[[-0.6087614290087209,0.0,-0.7933533402912349],[-0.7933533402912349,0.0,0.6087614290087209],[0.0,1.0,0.0]]},{"normal":[-0.92388,0.382683,0.0],"centroid":[-0.842698,0.349057,0.0],"vertexIndices":[10,11,35,34],"local2d":[[-0.120084,0.16],[0.120084,0.16],[0.120084,-0.16],[-0.120084,-0.16]],"rotation":[[-0.38268343236509,0.0,-0.9238795325112867],[-0.9238795325112866,0.0,0.38268343236509006],[0.0,1.0,0.0]]},{"normal":[-0.991445,0.130526,0.0],"centroid":[-0.904326,0.119057,0.0],"vertexIndices":[11,12,36,35],"local2d":[[-0.120084,0.16],[0.120084,0.16],[0.120084,-0.16],[-0.120084,-0.16]],"rotation":[[-0.13052619222005166,0.0,-0.9914448613738104],[-0.9914448613738104,0.0,0.13052619222005166],[0.0,1.0,0.0]]},{"normal":[-0.991445,-0.130526,0.0],"centroid":[-0.904326,-0.119057,0.0],"vertexIndices":[12,13,37,36],"local2d":[[-0.120084,0.16],[0.120084,0.16],[0.120084,-0.16],[-0.120084,-0.16]],"rotation":[[0.1305261922200512,0.0,-0.9914448613738105],[-0.9914448613738105,0.0,-0.1305261922200512],[0.0,1.0,0.0]]},{"normal":[-0.92388,-0.382683,0.0],"centroid":[-0.842698,-0.349057,0.0],"vertexIndices":[13,14,38,37],"local2d":[[-0.120084,0.16],[0.120084,0.16],[0.120084,-0.16],[-0.120084,-0.16]],"rotation":[[0.38268343236509,0.0,-0.9238795325112867],[-0.9238795325112866,0.0,-0.38268343236509006],[0.0,1.0,0.0]]},{"normal":[-0.793353,-0.608761,0.0],"centroid":[-0.723641,-0.555269,0.0],"vertexIndices":[14,15,39,38],"local2d":[[-0.120084,0.16],[0.120084,0.16],[0.120084,-0.16],[-0.120084,-0.16]],"rotation":[[0.6087614290087202,0.0,-0.7933533402912355],[-0.7933533402912355,0.0,-0.6087614290087202],[0.0,1.0,0.0]]},{"normal":[-0.608761,-0.793353,0.0],"centroid":[-0.555269,-0.723641,0.0],"vertexIndices":[15,16,40,39],"local2d":[[-0.120084,0.16],[0.120084,0.16],[0.120084,-0.16],[-0.120084,-0.16]],"rotation":[[0.7933533402912348,0.0,-0.6087614290087211],[-0.6087614290087211,0.0,-0.7933533402912348],[0.0,1.0,0.0]]},{"normal":[-0.382683,-0.92388,0.0],"centroid":[-0.349057,-0.842698,0.0],"vertexIndices":[16,17,41,40],"local2d":[[-0.120084,0.16],[0.120084,0.16],[0.120084,-0.16],[-0.120084,-0.16]],"rotation":[[0.9238795325112866,0.0,-0.38268343236509],[-0.38268343236508995,0.0,-0.9238795325112867],[0.0,1.0,0.0]]},{"normal":[-0.130526,-0.991445,0.0],"centroid":[-0.119057,-0.904326,0.0],"vertexIndices":[17,18,42,41],"local2d":[[-0.120084,0.16],[0.120084,0.16],[0.120084,-0.16],[-0.120084,-0.16]],"rotation":[[0.9914448613738105,0.0,-0.13052619222005143],[-0.13052619222005143,0.0,-0.9914448613738105],[0.0,1.0,0.0]]},{"normal":[0.130526,-0.991445,0.0],"centroid":[0.119057,-0.904326,0.0],"vertexIndices":[18,19,43,42],"local2d":[[-0.120084,0.16],[0.120084,0.16],[0.120084,-0.16],[-0.120084,-0.16]],"rotation":[[0.9914448613738104,0.0,0.13052619222005143],[0.1305261922200514,0.0,-0.9914448613738105],[0.0,1.0,0.0]]},{"normal":[0.382683,-0.92388,0.0],"centroid":[0.349057,-0.842698,0.0],"vertexIndices":[19,20,44,43],"local2d":[[-0.120084,0.16],[0.120084,0.16],[0.120084,-0.16],[-0.120084,-0.16]],"rotation":[[0.9238795325112868,0.0,0.38268343236508956],[0.38268343236508956,0.0,-0.9238795325112868],[0.0,1.0,0.0]]},{"normal":[0.608761,-0.793353,0.0],"centroid":[0.555269,-0.723641,0.0],"vertexIndices":[20,21,45,44],"local2d":[[-0.120084,0.16],[0.120084,0.16],[0.120084,-0.16],[-0.120084,-0.16]],"rotation":[[0.7933533402912353,0.0,0.6087614290087207],[0.6087614290087207,0.0,-0.7933533402912353],[0.0,1.0,0.0]]},{"normal":[0.793353,-0.608761,0.0],"centroid":[0.723641,-0.555269,0.0],"vertexIndices":[21,22,46,45],"local2d":[[-0.120084,0.16],[0.120084,0.16],[0.120084,-0.16],[-0.120084,-0.16]],"rotation":[[0.608761429008721,0.0,0.7933533402912349],[0.7933533402912349,0.0,-0.608761429008721],[0.0,1.0,0.0]]},{"normal":[0.92388,-0.382683,0.0],"centroid":[0.842698,-0.349057,0.0],"vertexIndices":[22,23,47,46],"local2d":[[-0.120084,0.16],[0.120084,0.16],[0.120084,-0.16],[-0.120084,-0.16]],"rotation":[[0.3826834323650905,0.0,0.9238795325112865],[0.9238795325112865,0.0,-0.3826834323650905],[0.0,1.0,0.0]]},{"normal":[0.991445,-0.130526,0.0],"centroid":[0.904326,-0.119057,0.0],"vertexIndices":[23,0,24,47],"local2d":[[-0.120084,0.16],[0.120084,0.16],[0.120084,-0.16],[-0.120084,-0.16]],"rotation":[[0.13052619222005177,0.0,0.9914448613738104],[0.9914448613738104,0.0,-0.13052619222005177],[0.0,1.0,0.0]]}]},"4":{"vertices":[[0.57735,0.57735,0.57735],[0.57735,-0.57735,-0.57735],[-0.57735,0.57735,-0.57735],[-0.57735,-0.57735,0.57735]],"faces":[{"normal":[-0.5774,-0.5774,-0.5774],"centroid":[-0.19245,-0.19245,-0.19245],"vertexIndices":[2,1,3],"local2d":[[-0.471405,-0.816567],[0.942809,0.0],[-0.471405,0.816567]],"rotation":[[0.816426,0.0,-0.5774],[-0.408319,-0.707168,-0.5774],[-0.408319,0.707168,-0.5774]]},{"normal":[-0.5774,0.5774,0.5774],"centroid":[-0.19245,0.19245,0.19245],"vertexIndices":[3,0,2],"local2d":[[-0.471405,-0.816567],[0.942809,0.0],[-0.471405,0.816567]],"rotation":[[0.816426,0.0,-0.5774],[0.408319,0.707168,0.5774],[0.408319,-0.707168,0.5774]]},{"normal":[0.5774,-0.5774,0.5774],"centroid":[0.19245,-0.19245,0.19245],"vertexIndices":[3,1,0],"local2d":[[-0.942809,-0.0],[0.471405,-0.816567],[0.471405,0.816567]],"rotation":[[0.816426,0.0,0.5774],[0.408319,0.707168,-0.5774],[-0.408319,0.707168,0.5774]]},{"normal":[0.5774,0.5774,-0.5774],"centroid":[0.19245,0.19245,-0.19245],"vertexIndices":[2,0,1],"local2d":[[-0.942809,-0.0],[0.471405,-0.816567],[0.471405,0.816567]],"rotation":[[0.816426,0.0,0.5774],[-0.408319,-0.707168,0.5774],[0.408319,-0.707168,-0.5774]]}]},"6":{"vertices":[[-0.57735,-0.57735,-0.57735],[-0.57735,-0.57735,0.57735],[-0.57735,0.57735,-0.57735],[-0.57735,0.57735,0.57735],[0.57735,-0.57735,-0.57735],[0.57735,-0.57735,0.57735],[0.57735,0.57735,-0.57735],[0.57735,0.57735,0.57735]],"faces":[{"normal":[-1.0,-0.0,-0.0],"centroid":[-0.57735,0.0,0.0],"vertexIndices":[1,3,2,0],"local2d":[[-0.57735,-0.57735],[0.57735,-0.57735],[0.57735,0.57735],[-0.57735,0.57735]],"rotation":[[0.0,0.0,-1.0],[1.0,0.0,-0.0],[0.0,-1.0,-0.0]]},{"normal":[0.0,-1.0,0.0],"centroid":[0.0,-0.57735,0.0],"vertexIndices":[0,4,5,1],"local2d":[[-0.57735,-0.57735],[0.57735,-0.57735],[0.57735,0.57735],[-0.57735,0.57735]],"rotation":[[1.0,-0.0,0.0],[0.0,0.0,-1.0],[0.0,1.0,0.0]]},{"normal":[-0.0,-0.0,-1.0],"centroid":[0.0,0.0,-0.57735],"vertexIndices":[2,6,4,0],"local2d":[[-0.57735,-0.57735],[0.57735,-0.57735],[0.57735,0.57735],[-0.57735,0.57735]],"rotation":[[1.0,0.0,-0.0],[0.0,-1.0,-0.0],[0.0,0.0,-1.0]]},{"normal":[-0.0,-0.0,1.0],"centroid":[0.0,0.0,0.57735],"vertexIndices":[1,5,7,3],"local2d":[[-0.57735,-0.57735],[0.57735,-0.57735],[0.57735,0.57735],[-0.57735,0.57735]],"rotation":[[1.0,-0.0,-0.0],[0.0,1.0,-0.0],[0.0,0.0,1.0]]},{"normal":[0.0,1.0,-0.0],"centroid":[0.0,0.57735,0.0],"vertexIndices":[3,7,6,2],"local2d":[[-0.57735,-0.57735],[0.57735,-0.57735],[0.57735,0.57735],[-0.57735,0.57735]],"rotation":[[1.0,0.0,0.0],[0.0,-0.0,1.0],[0.0,-1.0,-0.0]]},{"normal":[1.0,-0.0,-0.0],"centroid":[0.57735,0.0,0.0],"vertexIndices":[4,6,7,5],"local2d":[[-0.57735,-0.57735],[0.57735,-0.57735],[0.57735,0.57735],[-0.57735,0.57735]],"rotation":[[0.0,0.0,1.0],[1.0,-0.0,-0.0],[0.0,1.0,-0.0]]}]},"8":{"vertices":[[1.0,0.0,0.0],[-1.0,0.0,0.0],[0.0,1.0,0.0],[0.0,-1.0,0.0],[0.0,0.0,1.0],[0.0,0.0,-1.0]],"faces":[{"normal":[-0.5774,-0.5774,-0.5774],"centroid":[-0.333333,-0.333333,-0.333333],"vertexIndices":[1,5,3],"local2d":[[-0.816497,-0.0],[0.408248,-0.707168],[0.408248,0.707168]],"rotation":[[0.816426,0.0,-0.5774],[-0.408319,-0.707168,-0.5774],[-0.408319,0.707168,-0.5774]]},{"normal":[-0.5774,-0.5774,0.5774],"centroid":[-0.333333,-0.333333,0.333333],"vertexIndices":[3,4,1],"local2d":[[0.408248,-0.707168],[0.408248,0.707168],[-0.816497,0.0]],"rotation":[[0.816426,0.0,-0.5774],[-0.408319,0.707168,-0.5774],[0.408319,0.707168,0.5774]]},{"normal":[-0.5774,0.5774,-0.5774],"centroid":[-0.333333,0.333333,-0.333333],"vertexIndices":[2,5,1],"local2d":[[0.408248,-0.707168],[0.408248,0.707168],[-0.816497,0.0]],"rotation":[[0.816426,0.0,-0.5774],[0.408319,-0.707168,0.5774],[-0.408319,-0.707168,-0.5774]]},{"normal":[-0.5774,0.5774,0.5774],"centroid":[-0.333333,0.333333,0.333333],"vertexIndices":[1,4,2],"local2d":[[-0.816497,-0.0],[0.408248,-0.707168],[0.408248,0.707168]],"rotation":[[0.816426,0.0,-0.5774],[0.408319,0.707168,0.5774],[0.408319,-0.707168,0.5774]]},{"normal":[0.5774,-0.5774,-0.5774],"centroid":[0.333333,-0.333333,-0.333333],"vertexIndices":[5,0,3],"local2d":[[-0.408248,-0.707168],[0.816497,-0.0],[-0.408248,0.707168]],"rotation":[[0.816426,0.0,0.5774],[0.408319,-0.707168,-0.5774],[0.408319,0.707168,-0.5774]]},{"normal":[0.5774,-0.5774,0.5774],"centroid":[0.333333,-0.333333,0.333333],"vertexIndices":[3,0,4],"local2d":[[-0.408248,-0.707168],[0.816497,0.0],[-0.408248,0.707168]],"rotation":[[0.816426,0.0,0.5774],[0.408319,0.707168,-0.5774],[-0.408319,0.707168,0.5774]]},{"normal":[0.5774,0.5774,-0.5774],"centroid":[0.333333,0.333333,-0.333333],"vertexIndices":[2,0,5],"local2d":[[-0.408248,-0.707168],[0.816497,0.0],[-0.408248,0.707168]],"rotation":[[0.816426,0.0,0.5774],[-0.408319,-0.707168,0.5774],[0.408319,-0.707168,-0.5774]]},{"normal":[0.5774,0.5774,0.5774],"centroid":[0.333333,0.333333,0.333333],"vertexIndices":[4,0,2],"local2d":[[-0.408248,-0.707168],[0.816497,-0.0],[-0.408248,0.707168]],"rotation":[[0.816426,0.0,0.5774],[-0.408319,0.707168,0.5774],[-0.408319,-0.707168,0.5774]]}]},"10":{"vertices":[[0.0,0.0,1.0],[0.0,0.0,-1.0],[0.994412,0.0,0.105573],[0.30729,0.945742,0.105573],[-0.804496,0.5845,0.105573],[-0.804496,-0.5845,0.105573],[0.30729,-0.945742,0.105573],[0.804496,0.5845,-0.105573],[-0.30729,0.945742,-0.105573],[-0.994412,0.0,-0.105573],[-0.30729,-0.945742,-0.105573],[0.804496,-0.5845,-0.105573]],"faces":[{"normal":[-0.7435,-0.0,0.6687],"centroid":[-0.650851,0.0,0.276393],"vertexIndices":[5,0,4,9],"local2d":[[-0.229753,-0.584486],[0.973249,-0.0],[-0.229753,0.584486],[-0.513743,0.0]],"rotation":[[0.668756,-0.0,-0.7435],[0.0,0.999976,-0.0],[0.743482,0.0,0.6687]]},{"normal":[-0.6015,-0.437,-0.6687],"centroid":[-0.526549,-0.382561,-0.276393],"vertexIndices":[9,1,10,5],"local2d":[[-0.585655,-0.226786],[0.659111,-0.716066],[0.274465,0.564867],[-0.347921,0.377985]],"rotation":[[0.798888,0.0,-0.6015],[-0.329039,-0.837071,-0.437],[-0.503498,0.547031,-0.6687]]},{"normal":[-0.6015,0.437,-0.6687],"centroid":[-0.526549,0.382561,-0.276393],"vertexIndices":[4,8,1,9],"local2d":[[-0.347921,-0.377985],[0.274465,-0.564867],[0.659111,0.716066],[-0.585655,0.226786]],"rotation":[[0.798888,-0.0,-0.6015],[0.329039,-0.837071,0.437],[-0.503498,-0.547031,-0.6687]]},{"normal":[-0.2298,-0.7071,0.6687],"centroid":[-0.201124,-0.618996,0.276393],"vertexIndices":[5,10,6,0],"local2d":[[-0.619956,-0.100407],[-0.109081,-0.502019],[0.52239,-0.348612],[0.206647,0.951038]],"rotation":[[0.973239,-0.0,-0.2298],[-0.16696,0.687089,-0.7071],[0.157893,0.726545,0.6687]]},{"normal":[-0.2298,0.7071,0.6687],"centroid":[-0.201124,0.618996,0.276393],"vertexIndices":[0,3,8,4],"local2d":[[0.206647,-0.951038],[0.52239,0.348612],[-0.109081,0.502019],[-0.619956,0.100407]],"rotation":[[0.973239,0.0,-0.2298],[0.16696,0.687089,0.7071],[0.157893,-0.726545,0.6687]]},{"normal":[0.2298,-0.7071,-0.6687],"centroid":[0.201124,-0.618996,-0.276393],"vertexIndices":[1,11,6,10],"local2d":[[-0.206647,-0.951038],[0.619956,0.100407],[0.109081,0.502019],[-0.52239,0.348612]],"rotation":[[0.973239,-0.0,0.2298],[0.16696,-0.687089,-0.7071],[0.157893,0.726545,-0.6687]]},{"normal":[0.2298,0.7071,-0.6687],"centroid":[0.201124,0.618996,-0.276393],"vertexIndices":[8,3,7,1],"local2d":[[-0.52239,-0.348612],[0.109081,-0.502019],[0.619956,-0.100407],[-0.206647,0.951038]],"rotation":[[0.973239,0.0,0.2298],[-0.16696,-0.687089,0.7071],[0.157893,-0.726545,-0.6687]]},{"normal":[0.6015,-0.437,0.6687],"centroid":[0.526549,-0.382561,0.276393],"vertexIndices":[6,11,2,0],"local2d":[[-0.274465,-0.564867],[0.347921,-0.377985],[0.585655,0.226786],[-0.659111,0.716066]],"rotation":[[0.798888,0.0,0.6015],[0.329039,0.837071,-0.437],[-0.503498,0.547031,0.6687]]},{"normal":[0.6015,0.437,0.6687],"centroid":[0.526549,0.382561,0.276393],"vertexIndices":[0,2,7,3],"local2d":[[-0.659111,-0.716066],[0.585655,-0.226786],[0.347921,0.377985],[-0.274465,0.564867]],"rotation":[[0.798888,-0.0,0.6015],[-0.329039,0.837071,0.437],[-0.503498,-0.547031,0.6687]]},{"normal":[0.7435,-0.0,-0.6687],"centroid":[0.650851,-0.0,-0.276393],"vertexIndices":[1,7,2,11],"local2d":[[-0.973249,-0.0],[0.229753,-0.584486],[0.513743,-0.0],[0.229753,0.584486]],"rotation":[[0.668756,0.0,0.7435],[0.0,-0.999976,-0.0],[0.743482,0.0,-0.6687]]}]},"12":{"vertices":[[-0.57735,-0.57735,-0.57735],[-0.57735,0.57735,-0.57735],[0.356822,0.0,-0.934172],[-0.356822,0.0,-0.934172],[0.0,-0.934172,0.356822],[0.57735,-0.57735,-0.57735],[0.0,-0.934172,-0.356822],[-0.934172,0.356822,0.0],[-0.934172,-0.356822,0.0],[-0.57735,-0.57735,0.57735],[-0.356822,0.0,0.934172],[-0.57735,0.57735,0.57735],[0.0,0.934172,0.356822],[0.0,0.934172,-0.356822],[0.57735,0.57735,-0.57735],[0.934172,-0.356822,0.0],[0.356822,0.0,0.934172],[0.57735,-0.57735,0.57735],[0.57735,0.57735,0.57735],[0.934172,0.356822,0.0]],"faces":[{"normal":[-0.8507,0.0,-0.5257],"centroid":[-0.675973,0.0,-0.417775],"vertexIndices":[7,1,3,0,8],"local2d":[[-0.491123,-0.356831],[0.187592,-0.577365],[0.607062,0.0],[0.187592,0.577365],[-0.491123,0.356831]],"rotation":[[0.525616,0.0,-0.8507],[0.0,-1.000025,0.0],[-0.850722,-0.0,-0.5257]]},{"normal":[-0.8507,0.0,0.5257],"centroid":[-0.675973,0.0,0.417775],"vertexIndices":[8,9,10,11,7],"local2d":[[-0.491123,-0.356831],[0.187592,-0.577365],[0.607062,0.0],[0.187592,0.577365],[-0.491123,0.356831]],"rotation":[[0.525616,0.0,-0.8507],[0.0,1.000025,0.0],[0.850722,-0.0,0.5257]]},{"normal":[-0.5257,-0.8507,-0.0],"centroid":[-0.417775,-0.675973,0.0],"vertexIndices":[0,6,4,9,8],"local2d":[[-0.187592,-0.577365],[0.491123,-0.356831],[0.491123,0.356831],[-0.187592,0.577365],[-0.607062,0.0]],"rotation":[[0.850662,-0.0,-0.5257],[-0.525713,0.0,-0.8507],[0.0,1.000025,-0.0]]},{"normal":[-0.5257,0.8507,-0.0],"centroid":[-0.417775,0.675973,0.0],"vertexIndices":[11,12,13,1,7],"local2d":[[-0.187592,-0.577365],[0.491123,-0.356831],[0.491123,0.356831],[-0.187592,0.577365],[-0.607062,0.0]],"rotation":[[0.850662,0.0,-0.5257],[0.525713,0.0,0.8507],[0.0,-1.000025,-0.0]]},{"normal":[0.0,-0.5257,-0.8507],"centroid":[0.0,-0.417775,-0.675973],"vertexIndices":[3,2,5,6,0],"local2d":[[-0.356822,-0.491136],[0.356822,-0.491136],[0.57735,0.187597],[0.0,0.607077],[-0.57735,0.187597]],"rotation":[[1.0,0.0,0.0],[0.0,-0.8507,-0.5257],[0.0,0.5257,-0.8507]]},{"normal":[0.0,-0.5257,0.8507],"centroid":[0.0,-0.417775,0.675973],"vertexIndices":[9,4,17,16,10],"local2d":[[-0.57735,-0.187597],[0.0,-0.607077],[0.57735,-0.187597],[0.356822,0.491136],[-0.356822,0.491136]],"rotation":[[1.0,-0.0,0.0],[0.0,0.8507,-0.5257],[0.0,0.5257,0.8507]]},{"normal":[0.0,0.5257,-0.8507],"centroid":[0.0,0.417775,-0.675973],"vertexIndices":[1,13,14,2,3],"local2d":[[-0.57735,-0.187597],[0.0,-0.607077],[0.57735,-0.187597],[0.356822,0.491136],[-0.356822,0.491136]],"rotation":[[1.0,0.0,0.0],[0.0,-0.8507,0.5257],[0.0,-0.5257,-0.8507]]},{"normal":[-0.0,0.5257,0.8507],"centroid":[0.0,0.417775,0.675973],"vertexIndices":[10,16,18,12,11],"local2d":[[-0.356822,-0.491136],[0.356822,-0.491136],[0.57735,0.187597],[0.0,0.607077],[-0.57735,0.187597]],"rotation":[[1.0,0.0,-0.0],[0.0,0.8507,0.5257],[0.0,-0.5257,0.8507]]},{"normal":[0.5257,-0.8507,-0.0],"centroid":[0.417775,-0.675973,0.0],"vertexIndices":[6,5,15,17,4],"local2d":[[-0.491123,-0.356831],[0.187592,-0.577365],[0.607062,0.0],[0.187592,0.577365],[-0.491123,0.356831]],"rotation":[[0.850662,0.0,0.5257],[0.525713,-0.0,-0.8507],[0.0,1.000025,-0.0]]},{"normal":[0.5257,0.8507,-0.0],"centroid":[0.417775,0.675973,0.0],"vertexIndices":[12,18,19,14,13],"local2d":[[-0.491123,-0.356831],[0.187592,-0.577365],[0.607062,0.0],[0.187592,0.577365],[-0.491123,0.356831]],"rotation":[[0.850662,0.0,0.5257],[-0.525713,-0.0,0.8507],[0.0,-1.000025,-0.0]]},{"normal":[0.8507,0.0,-0.5257],"centroid":[0.675973,0.0,-0.417775],"vertexIndices":[14,19,15,5,2],"local2d":[[-0.187592,-0.577365],[0.491123,-0.356831],[0.491123,0.356831],[-0.187592,0.577365],[-0.607062,0.0]],"rotation":[[0.525616,0.0,0.8507],[0.0,-1.000025,0.0],[0.850722,0.0,-0.5257]]},{"normal":[0.8507,0.0,0.5257],"centroid":[0.675973,0.0,0.417775],"vertexIndices":[17,15,19,18,16],"local2d":[[-0.187592,-0.577365],[0.491123,-0.356831],[0.491123,0.356831],[-0.187592,0.577365],[-0.607062,0.0]],"rotation":[[0.525616,-0.0,0.8507],[0.0,1.000025,0.0],[-0.850722,0.0,0.5257]]}]},"20":{"vertices":[[0.0,-0.525731,-0.850651],[0.0,-0.525731,0.850651],[0.0,0.525731,-0.850651],[0.0,0.525731,0.850651],[-0.525731,-0.850651,0.0],[-0.525731,0.850651,0.0],[0.525731,-0.850651,0.0],[0.525731,0.850651,0.0],[-0.850651,0.0,-0.525731],[-0.850651,0.0,0.525731],[0.850651,0.0,-0.525731],[0.850651,0.0,0.525731]],"faces":[{"normal":[-0.9342,-0.3568,-0.0],"centroid":[-0.742344,-0.28355,0.0],"vertexIndices":[9,8,4],"local2d":[[0.303531,-0.525741],[0.303531,0.525741],[-0.607062,0.0]],"rotation":[[-0.356806,0.0,-0.9342],[0.934178,0.0,-0.3568],[0.0,-1.000018,-0.0]]},{"normal":[-0.9342,0.3568,-0.0],"centroid":[-0.742344,0.28355,0.0],"vertexIndices":[9,5,8],"local2d":[[-0.303531,-0.525741],[0.607062,0.0],[-0.303531,0.525741]],"rotation":[[0.356806,0.0,-0.9342],[0.934178,0.0,0.3568],[0.0,-1.000018,-0.0]]},{"normal":[-0.5774,-0.5774,-0.5774],"centroid":[-0.458794,-0.458794,-0.458794],"vertexIndices":[8,0,4],"local2d":[[-0.479925,-0.37178],[0.561906,-0.229773],[-0.081981,0.601553]],"rotation":[[0.816426,0.0,-0.5774],[-0.408319,-0.707168,-0.5774],[-0.408319,0.707168,-0.5774]]},{"normal":[-0.5774,-0.5774,0.5774],"centroid":[-0.458794,-0.458794,0.458794],"vertexIndices":[4,1,9],"local2d":[[-0.081981,-0.601553],[0.561906,0.229773],[-0.479925,0.37178]],"rotation":[[0.816426,0.0,-0.5774],[-0.408319,0.707168,-0.5774],[0.408319,0.707168,0.5774]]},{"normal":[-0.5774,0.5774,-0.5774],"centroid":[-0.458794,0.458794,-0.458794],"vertexIndices":[5,2,8],"local2d":[[-0.081981,-0.601553],[0.561906,0.229773],[-0.479925,0.37178]],"rotation":[[0.816426,0.0,-0.5774],[0.408319,-0.707168,0.5774],[-0.408319,-0.707168,-0.5774]]},{"normal":[-0.5774,0.5774,0.5774],"centroid":[-0.458794,0.458794,0.458794],"vertexIndices":[9,3,5],"local2d":[[-0.479925,-0.37178],[0.561906,-0.229773],[-0.081981,0.601553]],"rotation":[[0.816426,0.0,-0.5774],[0.408319,0.707168,0.5774],[0.408319,-0.707168,0.5774]]},{"normal":[-0.3568,-0.0,-0.9342],"centroid":[-0.28355,0.0,-0.742344],"vertexIndices":[2,0,8],"local2d":[[0.303531,-0.525741],[0.303531,0.525741],[-0.607062,0.0]],"rotation":[[0.934178,0.0,-0.3568],[0.0,-1.000018,-0.0],[-0.356806,0.0,-0.9342]]},{"normal":[-0.3568,0.0,0.9342],"centroid":[-0.28355,0.0,0.742344],"vertexIndices":[1,3,9],"local2d":[[0.303531,-0.525741],[0.303531,0.525741],[-0.607062,0.0]],"rotation":[[0.934178,0.0,-0.3568],[0.0,1.000018,0.0],[0.356806,-0.0,0.9342]]},{"normal":[-0.0,-0.9342,-0.3568],"centroid":[0.0,-0.742344,-0.28355],"vertexIndices":[0,6,4],"local2d":[[0.0,-0.607073],[0.525731,0.303536],[-0.525731,0.303536]],"rotation":[[1.0,0.0,-0.0],[0.0,-0.3568,-0.9342],[0.0,0.9342,-0.3568]]},{"normal":[-0.0,-0.9342,0.3568],"centroid":[0.0,-0.742344,0.28355],"vertexIndices":[4,6,1],"local2d":[[-0.525731,-0.303536],[0.525731,-0.303536],[0.0,0.607073]],"rotation":[[1.0,-0.0,-0.0],[0.0,0.3568,-0.9342],[0.0,0.9342,0.3568]]},{"normal":[-0.0,0.9342,-0.3568],"centroid":[0.0,0.742344,-0.28355],"vertexIndices":[5,7,2],"local2d":[[-0.525731,-0.303536],[0.525731,-0.303536],[0.0,0.607073]],"rotation":[[1.0,0.0,-0.0],[0.0,-0.3568,0.9342],[0.0,-0.9342,-0.3568]]},{"normal":[0.0,0.9342,0.3568],"centroid":[0.0,0.742344,0.28355],"vertexIndices":[3,7,5],"local2d":[[0.0,-0.607073],[0.525731,0.303536],[-0.525731,0.303536]],"rotation":[[1.0,0.0,0.0],[0.0,0.3568,0.9342],[0.0,-0.9342,0.3568]]},{"normal":[0.3568,0.0,-0.9342],"centroid":[0.28355,0.0,-0.742344],"vertexIndices":[2,10,0],"local2d":[[-0.303531,-0.525741],[0.607062,0.0],[-0.303531,0.525741]],"rotation":[[0.934178,0.0,0.3568],[0.0,-1.000018,0.0],[0.356806,0.0,-0.9342]]},{"normal":[0.3568,-0.0,0.9342],"centroid":[0.28355,0.0,0.742344],"vertexIndices":[1,11,3],"local2d":[[-0.303531,-0.525741],[0.607062,0.0],[-0.303531,0.525741]],"rotation":[[0.934178,0.0,0.3568],[0.0,1.000018,-0.0],[-0.356806,0.0,0.9342]]},{"normal":[0.5774,-0.5774,-0.5774],"centroid":[0.458794,-0.458794,-0.458794],"vertexIndices":[0,10,6],"local2d":[[-0.561906,-0.229773],[0.479925,-0.37178],[0.081981,0.601553]],"rotation":[[0.816426,0.0,0.5774],[0.408319,-0.707168,-0.5774],[0.408319,0.707168,-0.5774]]},{"normal":[0.5774,-0.5774,0.5774],"centroid":[0.458794,-0.458794,0.458794],"vertexIndices":[6,11,1],"local2d":[[0.081981,-0.601553],[0.479925,0.37178],[-0.561906,0.229773]],"rotation":[[0.816426,0.0,0.5774],[0.408319,0.707168,-0.5774],[-0.408319,0.707168,0.5774]]},{"normal":[0.5774,0.5774,-0.5774],"centroid":[0.458794,0.458794,-0.458794],"vertexIndices":[7,10,2],"local2d":[[0.081981,-0.601553],[0.479925,0.37178],[-0.561906,0.229773]],"rotation":[[0.816426,0.0,0.5774],[-0.408319,-0.707168,0.5774],